7.777777777777777901e-01
8.290598290598291120e-01
8.119658119658119677e-01
8.376068376068376287e-01
8.376068376068376287e-01
8.547008547008546619e-01
8.376068376068376287e-01
8.119658119658119677e-01
8.205128205128204844e-01
8.290598290598291120e-01
8.290598290598291120e-01
8.376068376068376287e-01
8.205128205128204844e-01
8.290598290598291120e-01
8.376068376068376287e-01
8.290598290598291120e-01
8.034188034188034511e-01
8.034188034188034511e-01
8.290598290598291120e-01
8.290598290598291120e-01
8.632478632478632896e-01
8.205128205128204844e-01
8.119658119658119677e-01
8.376068376068376287e-01
8.205128205128204844e-01
8.119658119658119677e-01
8.205128205128204844e-01
8.205128205128204844e-01
8.119658119658119677e-01
8.547008547008546619e-01
8.632478632478632896e-01
8.205128205128204844e-01
8.205128205128204844e-01
8.461538461538461453e-01
7.863247863247863068e-01
8.290598290598291120e-01
8.290598290598291120e-01
8.376068376068376287e-01
8.290598290598291120e-01
8.119658119658119677e-01
