3.682224154472351074e-01
2.193085104227066040e-01
1.905268877744674683e-01
1.519669294357299805e-01
1.261784881353378296e-01
1.919002532958984375e-01
1.087412536144256592e-01
1.615392118692398071e-01
6.888835132122039795e-02
4.182231798768043518e-02
5.867441743612289429e-02
1.083714514970779419e-01
1.236663758754730225e-01
2.048141658306121826e-01
2.942544035613536835e-02
8.844737708568572998e-02
9.832359105348587036e-02
1.336933672428131104e-01
5.472617223858833313e-02
7.627240568399429321e-02
2.724944055080413818e-02
2.899152599275112152e-02
2.022410929203033447e-01
1.138257682323455811e-01
7.622647099196910858e-03
8.879933506250381470e-03
7.864063978195190430e-02
2.101599425077438354e-02
1.262407749891281128e-02
1.438559032976627350e-02
6.252293288707733154e-02
3.911685571074485779e-02
1.370828412473201752e-02
5.761677399277687073e-02
4.469636827707290649e-02
1.146927848458290100e-02
3.741189092397689819e-02
2.819092199206352234e-02
4.721946548670530319e-03
4.785261303186416626e-02
