1.130451917648315430e+00
7.394908666610717773e-01
5.995618104934692383e-01
7.071602344512939453e-01
3.767247498035430908e-01
2.045734375715255737e-01
4.069520831108093262e-01
2.695674896240234375e-01
3.528988063335418701e-01
4.156702458858489990e-01
3.135717809200286865e-01
1.513284742832183838e-01
2.083976417779922485e-01
3.472493588924407959e-01
2.622468769550323486e-01
1.329607665538787842e-01
2.331784367561340332e-01
2.484737187623977661e-01
7.786061614751815796e-02
3.005195558071136475e-01
2.463752478361129761e-01
2.668918669223785400e-01
1.598328053951263428e-01
1.850448548793792725e-01
1.912580281496047974e-01
1.399467289447784424e-01
1.321976631879806519e-01
2.310958355665206909e-01
3.551897108554840088e-01
2.666028439998626709e-01
2.136171609163284302e-01
7.116424292325973511e-02
8.561776578426361084e-02
1.194748431444168091e-01
1.202642098069190979e-01
1.344363093376159668e-01
8.196280151605606079e-02
7.712543755769729614e-02
9.843634068965911865e-02
1.119904220104217529e-01
