5.651419609785079956e-02
2.429928779602050781e-01
4.819082617759704590e-01
6.644184887409210205e-02
5.445781350135803223e-02
7.440517842769622803e-02
3.053250350058078766e-02
2.492983341217041016e-01
1.280387192964553833e-01
1.663693226873874664e-02
1.156858429312705994e-01
4.320939630270004272e-02
1.578212976455688477e-01
1.035372465848922729e-01
1.675062030553817749e-01
1.231883987784385681e-01
5.887658149003982544e-02
2.852044627070426941e-02
2.100256644189357758e-02
8.363938331604003906e-02
9.429980069398880005e-02
1.377497911453247070e-01
1.441557854413986206e-01
9.691977873444557190e-03
2.467373013496398926e-02
2.787448093295097351e-02
5.999728292226791382e-02
1.563633382320404053e-01
7.464484870433807373e-02
2.586349546909332275e-01
1.292643696069717407e-01
2.698209285736083984e-01
3.531184196472167969e-01
2.357867732644081116e-02
3.545042127370834351e-02
9.931524097919464111e-02
1.301522552967071533e-01
2.301211804151535034e-01
1.776947528123855591e-01
6.470619142055511475e-02
2.463682368397712708e-02
1.042420864105224609e-01
1.187559813261032104e-01
1.562332361936569214e-01
2.691590785980224609e-01
9.574120491743087769e-02
2.733421884477138519e-02
5.541575141251087189e-03
5.112336948513984680e-02
1.325499452650547028e-02
6.156015209853649139e-03
2.529348433017730713e-02
4.617260023951530457e-02
3.341539949178695679e-02
2.325411513447761536e-02
1.001327782869338989e-01
5.699427798390388489e-02
9.871697053313255310e-03
1.044480428099632263e-01
1.523199118673801422e-02
