1.964285714285714246e-01
6.875000000000000000e-01
5.982142857142856984e-01
6.607142857142856984e-01
7.053571428571429047e-01
7.589285714285713969e-01
7.678571428571429047e-01
7.857142857142856984e-01
8.035714285714286031e-01
6.517857142857143016e-01
7.857142857142856984e-01
7.232142857142856984e-01
6.875000000000000000e-01
7.767857142857143016e-01
6.964285714285713969e-01
8.392857142857143016e-01
7.857142857142856984e-01
6.428571428571429047e-01
7.589285714285713969e-01
8.660714285714286031e-01
4.732142857142856984e-01
8.482142857142856984e-01
8.125000000000000000e-01
8.392857142857143016e-01
8.125000000000000000e-01
8.035714285714286031e-01
4.732142857142856984e-01
8.303571428571429047e-01
4.910714285714285476e-01
8.392857142857143016e-01
8.660714285714286031e-01
7.500000000000000000e-01
7.946428571428570953e-01
8.214285714285713969e-01
8.303571428571429047e-01
8.660714285714286031e-01
8.839285714285713969e-01
8.303571428571429047e-01
8.482142857142856984e-01
8.571428571428570953e-01
