1.143561601638793945e+00
7.625483274459838867e-01
9.823848009109497070e-01
6.785700321197509766e-01
6.810264587402343750e-01
4.769445955753326416e-01
5.642930269241333008e-01
7.783079743385314941e-01
6.188114881515502930e-01
6.817485094070434570e-01
7.321150898933410645e-01
3.061482906341552734e-01
4.812405109405517578e-01
2.804457247257232666e-01
2.663204967975616455e-01
4.691053330898284912e-01
3.204382061958312988e-01
1.931594908237457275e-01
4.820134639739990234e-01
5.327485203742980957e-01
2.142663300037384033e-01
5.470889806747436523e-01
5.836200118064880371e-01
1.076312512159347534e-01
5.833063125610351562e-01
2.616402208805084229e-01
2.811360359191894531e-01
4.600296020507812500e-01
5.234128236770629883e-01
2.496742308139801025e-01
1.577658355236053467e-01
1.905595362186431885e-01
1.163202673196792603e-01
1.582438498735427856e-01
1.752399355173110962e-01
2.679535448551177979e-01
1.771327555179595947e-01
2.451977282762527466e-01
2.003991603851318359e-01
2.742987573146820068e-01
