2.767857142857143016e-01
3.303571428571428492e-01
7.053571428571429047e-01
7.232142857142856984e-01
8.035714285714286031e-01
5.357142857142856984e-01
7.589285714285713969e-01
7.767857142857143016e-01
8.392857142857143016e-01
5.178571428571429047e-01
8.303571428571429047e-01
6.696428571428570953e-01
8.660714285714286031e-01
7.857142857142856984e-01
8.125000000000000000e-01
8.392857142857143016e-01
8.035714285714286031e-01
8.303571428571429047e-01
8.571428571428570953e-01
8.214285714285713969e-01
7.857142857142856984e-01
8.660714285714286031e-01
6.696428571428570953e-01
4.821428571428571508e-01
8.482142857142856984e-01
8.839285714285713969e-01
8.482142857142856984e-01
8.125000000000000000e-01
8.750000000000000000e-01
8.571428571428570953e-01
8.303571428571429047e-01
8.392857142857143016e-01
6.964285714285713969e-01
8.571428571428570953e-01
8.839285714285713969e-01
8.660714285714286031e-01
8.482142857142856984e-01
8.839285714285713969e-01
8.750000000000000000e-01
8.571428571428570953e-01
8.303571428571429047e-01
8.392857142857143016e-01
8.571428571428570953e-01
8.571428571428570953e-01
8.303571428571429047e-01
8.660714285714286031e-01
8.750000000000000000e-01
8.928571428571429047e-01
8.928571428571429047e-01
8.839285714285713969e-01
9.017857142857143016e-01
8.571428571428570953e-01
9.017857142857143016e-01
8.928571428571429047e-01
8.571428571428570953e-01
8.571428571428570953e-01
8.928571428571429047e-01
9.107142857142856984e-01
8.839285714285713969e-01
8.035714285714286031e-01
