1.319904088973999023e+00
6.794196367263793945e-01
6.881825327873229980e-01
5.508143305778503418e-01
5.975390672683715820e-01
5.209124684333801270e-01
5.025005936622619629e-01
4.972146153450012207e-01
4.449369907379150391e-01
2.777592241764068604e-01
4.549943804740905762e-01
1.952549666166305542e-01
1.964282095432281494e-01
5.614856481552124023e-01
4.072184562683105469e-01
3.969643712043762207e-01
6.540782451629638672e-01
3.405546545982360840e-01
2.859732508659362793e-01
1.642900407314300537e-01
8.712601661682128906e-02
3.726426959037780762e-01
3.228079676628112793e-01
3.962194919586181641e-01
2.464675605297088623e-01
1.795100122690200806e-01
1.235304027795791626e-01
1.204650551080703735e-01
2.352404296398162842e-01
2.948170006275177002e-01
3.175029456615447998e-01
3.722036480903625488e-01
7.619099617004394531e-01
2.348863184452056885e-01
2.806222736835479736e-01
2.034935057163238525e-01
2.274245321750640869e-01
1.809061169624328613e-01
1.694095581769943237e-01
3.202569484710693359e-01
1.020211428403854370e-01
2.481179237365722656e-01
3.166365623474121094e-01
2.006575316190719604e-01
2.842691540718078613e-01
9.879038482904434204e-02
1.958987116813659668e-01
1.289618313312530518e-01
1.671969741582870483e-01
1.949009150266647339e-01
1.770338267087936401e-01
1.488645523786544800e-01
1.400869190692901611e-01
1.174369603395462036e-01
1.150456666946411133e-01
1.204567328095436096e-01
3.128141760826110840e-01
1.431777924299240112e-01
1.357286870479583740e-01
1.040910705924034119e-01
