1.367521367521367659e-01
5.299145299145299193e-01
4.871794871794871695e-01
5.470085470085470636e-01
5.384615384615384359e-01
5.555555555555555802e-01
5.897435897435897578e-01
5.897435897435897578e-01
5.982905982905982745e-01
6.324786324786324521e-01
6.153846153846154188e-01
6.324786324786324521e-01
6.495726495726495964e-01
5.982905982905982745e-01
6.495726495726495964e-01
4.700854700854700807e-01
6.410256410256410797e-01
6.495726495726495964e-01
7.008547008547008073e-01
7.008547008547008073e-01
6.837606837606837740e-01
7.521367521367521292e-01
6.837606837606837740e-01
6.752136752136752573e-01
7.179487179487179516e-01
6.495726495726495964e-01
7.350427350427350959e-01
7.008547008547008073e-01
6.923076923076922906e-01
7.094017094017094349e-01
7.521367521367521292e-01
7.863247863247863068e-01
7.692307692307692735e-01
7.179487179487179516e-01
7.435897435897436125e-01
7.350427350427350959e-01
7.692307692307692735e-01
7.777777777777777901e-01
7.179487179487179516e-01
7.435897435897436125e-01
7.521367521367521292e-01
7.606837606837606458e-01
7.435897435897436125e-01
7.264957264957264682e-01
7.435897435897436125e-01
7.692307692307692735e-01
7.948717948717948234e-01
7.264957264957264682e-01
7.179487179487179516e-01
7.350427350427350959e-01
6.837606837606837740e-01
8.034188034188034511e-01
6.837606837606837740e-01
8.034188034188034511e-01
7.777777777777777901e-01
7.948717948717948234e-01
6.410256410256410797e-01
7.521367521367521292e-01
7.521367521367521292e-01
7.435897435897436125e-01
7.179487179487179516e-01
7.521367521367521292e-01
7.606837606837606458e-01
7.692307692307692735e-01
7.350427350427350959e-01
7.435897435897436125e-01
7.948717948717948234e-01
7.606837606837606458e-01
7.863247863247863068e-01
7.863247863247863068e-01
7.606837606837606458e-01
7.777777777777777901e-01
7.863247863247863068e-01
7.863247863247863068e-01
7.435897435897436125e-01
7.350427350427350959e-01
7.863247863247863068e-01
7.948717948717948234e-01
7.692307692307692735e-01
7.948717948717948234e-01
7.692307692307692735e-01
7.948717948717948234e-01
7.692307692307692735e-01
7.264957264957264682e-01
7.264957264957264682e-01
6.923076923076922906e-01
7.863247863247863068e-01
7.777777777777777901e-01
8.119658119658119677e-01
8.461538461538461453e-01
8.119658119658119677e-01
7.863247863247863068e-01
7.863247863247863068e-01
7.948717948717948234e-01
7.606837606837606458e-01
7.606837606837606458e-01
8.205128205128204844e-01
7.863247863247863068e-01
8.205128205128204844e-01
7.692307692307692735e-01
