1.312122583389282227e+00
1.077212572097778320e+00
1.180249929428100586e+00
8.513967394828796387e-01
8.736600875854492188e-01
6.995283365249633789e-01
8.319576978683471680e-01
6.915599107742309570e-01
5.895512104034423828e-01
7.243624925613403320e-01
7.756928205490112305e-01
5.923916101455688477e-01
7.585588693618774414e-01
6.464223265647888184e-01
1.410269021987915039e+00
7.898700237274169922e-01
5.812522172927856445e-01
6.953042745590209961e-01
6.125364303588867188e-01
5.045590996742248535e-01
5.394094586372375488e-01
7.021728157997131348e-01
3.793503046035766602e-01
5.975819230079650879e-01
3.917649388313293457e-01
4.391330778598785400e-01
7.533913850784301758e-01
6.489490270614624023e-01
6.020585894584655762e-01
5.627225637435913086e-01
4.917407035827636719e-01
5.199824571609497070e-01
6.508798599243164062e-01
6.251114010810852051e-01
3.190053403377532959e-01
7.158367037773132324e-01
5.331271886825561523e-01
4.357035160064697266e-01
3.252573907375335693e-01
6.237994432449340820e-01
3.698342740535736084e-01
8.094087839126586914e-01
7.332822084426879883e-01
7.775533795356750488e-01
2.623870968818664551e-01
6.616171598434448242e-01
5.055366754531860352e-01
3.851926922798156738e-01
4.224755167961120605e-01
7.087593674659729004e-01
5.845528244972229004e-01
5.937799215316772461e-01
2.959823012351989746e-01
7.714246511459350586e-01
4.130063652992248535e-01
2.039592713117599487e-01
7.825516462326049805e-01
2.693111896514892578e-01
6.468746662139892578e-01
6.689413785934448242e-01
3.990264534950256348e-01
4.304196834564208984e-01
4.471977353096008301e-01
4.412460327148437500e-01
4.165179729461669922e-01
1.491951048374176025e-01
3.187365531921386719e-01
6.927014589309692383e-01
3.904411196708679199e-01
3.298709988594055176e-01
2.569797635078430176e-01
3.365993201732635498e-01
3.533129692077636719e-01
2.815818786621093750e-01
2.051059752702713013e-01
4.430235326290130615e-01
1.115204319357872009e-01
1.548691391944885254e-01
4.253582060337066650e-01
2.772516608238220215e-01
3.027899861335754395e-01
5.123323202133178711e-01
3.721694648265838623e-01
2.455248385667800903e-01
5.591472983360290527e-01
3.453842997550964355e-01
3.000149130821228027e-01
1.516704559326171875e-01
3.326353430747985840e-01
3.530238568782806396e-01
2.489413768053054810e-01
1.592937409877777100e-01
2.665361762046813965e-01
3.956179618835449219e-01
3.497304618358612061e-01
6.962671279907226562e-01
1.086170673370361328e-01
1.324745416641235352e-01
4.057942330837249756e-01
7.779810577630996704e-02
