8.034188034188034511e-01
8.376068376068376287e-01
8.461538461538461453e-01
8.034188034188034511e-01
8.205128205128204844e-01
8.461538461538461453e-01
8.205128205128204844e-01
8.205128205128204844e-01
7.948717948717948234e-01
8.290598290598291120e-01
8.034188034188034511e-01
8.290598290598291120e-01
7.948717948717948234e-01
8.205128205128204844e-01
8.119658119658119677e-01
7.948717948717948234e-01
7.948717948717948234e-01
8.205128205128204844e-01
8.119658119658119677e-01
8.290598290598291120e-01
8.034188034188034511e-01
8.119658119658119677e-01
8.376068376068376287e-01
8.034188034188034511e-01
8.205128205128204844e-01
8.205128205128204844e-01
8.290598290598291120e-01
8.376068376068376287e-01
8.376068376068376287e-01
8.461538461538461453e-01
8.290598290598291120e-01
8.376068376068376287e-01
8.376068376068376287e-01
8.547008547008546619e-01
8.376068376068376287e-01
8.119658119658119677e-01
8.205128205128204844e-01
8.376068376068376287e-01
8.376068376068376287e-01
8.461538461538461453e-01
