2.292070304974913597e-03
3.226659446954727173e-02
9.742131456732749939e-03
2.037128992378711700e-02
2.937554381787776947e-02
2.242035930976271629e-03
4.195586591958999634e-02
2.206325344741344452e-02
5.777857266366481781e-03
9.790435433387756348e-02
2.798173949122428894e-02
2.322459220886230469e-02
6.517203897237777710e-02
1.156824082136154175e-02
2.411958761513233185e-02
4.670872818678617477e-03
7.819111645221710205e-02
1.698697544634342194e-02
1.115128956735134125e-02
5.952520295977592468e-03
4.186745733022689819e-02
1.142592402175068855e-03
6.056041922420263290e-03
5.835113581269979477e-03
6.680927239358425140e-03
4.585580900311470032e-02
3.997389227151870728e-02
5.149266682565212250e-03
6.760084629058837891e-02
4.496917594224214554e-03
3.322086296975612640e-03
1.812826469540596008e-02
1.761579536832869053e-03
5.029010772705078125e-02
6.343325227499008179e-02
2.119560260325670242e-03
2.866071648895740509e-02
1.309620868414640427e-02
1.726168580353260040e-02
6.930351257324218750e-03
